207752697509440412973534330689716944749507327427
0
751209551927174784144601640564624173088665128391
43075958727424854581064394024002426801272223283
807669444641696051849891548387372924883122769942
674368508289817648398610968388919373505330435875
495672220319428784155078550997997180172599139322
0
0
0
960067589895950145174645049480617497300408443978
0
1072649667254395097155052682442430024006329065463
1068947993658975122157353753616942840246806141024
0
0
0
1308765254195356612747263205726326084651812733926
504920703005761155066842256151220783384569509294
860171270187864760072360594351303569094589737738
1405692852762290503254672649893346190485239039767
914889299977687243798338712432125312565774855200
0
996330168058485635090513736206736357665918330528
770583897011253977387472060480529359660876801992
30247103713888659754010755892789068702891596119
1371527305245546791744569504095726638713054163246
0
859832753951788593892509184205674796019804125950
0
0
92962701827533250346487117218119002306342033068
627018090993005520564778092705586775344379121263
58854672879382211919039871200182349957445942893
1225805173193144694633788712768445510191210708176
0
606478157713065422580023297531377223255824515354
0
0
141071933176330430111242250822205850064358038357
512514636053375987938942036091752640572914299963
0
0
1098213061256933951784776092374612759892459552356
352468243600972245616776959674478524762388284719
753404817356678297422991534846292234299286671871
944719774778891516538999046800288644814016016590
0
739763093477518012038445812319695564533944896669
317184540640615317314694753953051492826062016470
1450104740796339594959062656336605473178552283595
0
0
0
156003894130819604766491820730064526723151252075
709566564783719019849142973771237706615500840709
0
242914620253112923909395385614427170452480655979
0
875695379343193424823445348694680652740201185481
0
0
0
1359294430022656153480821551424457351981415597454
0
0
1230416610982349966423027583657791203940146541575
0
0
1445478462461196199191276092706384971531710881864
0
0
537351541638543206094650957598796531082889931080
0
1040316871352190280714115383457876753918329196818
1394917419186277915338418137835095489584130336119
0
1105314561076580284373346319489317597458427429688
188688680217454671295542404484120856304954738332
53500252469729923276869996717305641302183666089
0
0
817662713702593080990744423643185270964644339162
0
0
373453138867665945051929199743077483438847730795
1181795711567264371909430289003268600374615946755
0
0
0
814324231803314952863944854740346244268114731023
0
635229572074368992981381604274361730489544890399
0
1037969720840549065008878201050003839297233565748
90030636448537618134033415598702192914795257442
976910413439805603504186000332969945262881112251
0
0
936443950135548825020459790652261875013039847242
271447419301527014546241977702715213384603456611
0
0
1325990109930614440855320050647831157573679000044
0
0
0
472819995125831309582661537818388268819520214230
1094303832712638507226442304312248818638321707109
0
0
0
770268951284049471864263493020175739132491439684
0
148861177259368166021719881245547559238341554309
1441216381683145797174592134687992760146573796151
1097827775674413468848781526844701631473820212314
0
857208794148673777975984378843040225003355955314
0
0
0
0
0
0
0
1074822716777555683587118711725730056191587066170
0
0
326633393186327210370152260857472432721741579207
1190514727706656179654987574430757153984239139510
249329712190917879184291688755721093977337045885
0
0
1279216385592996407103260075157745438435168119069
0
1087455525997260500560855089438693471352895433860
1408819528582709056932047448735556262763483580094
1200638986638767824628557523757258615040777155988
0
0
260391143430973926082930162706718596581796059549
0
351922710157297645655684722030216054099495226379
0
1452537540745651223668055733624665712991756821512
1118972392975472417418291910589708877729271306257
1000657124861797233301842514515445142505294859063
1237978315020869420604633914681734020992076889951
0
1337933523168398088560986828013952349917316685210
549070257349872084957400606539780010247221331968
273717983612272690019042011468320857039672887332
0
1367144009792066528948012092654462202853018832575
0
0
0
940351136473331041869126551963851653037921635434
0
0
0
500042859662167869615188094447466973983090083586
0
68610446497935784086385852149788527840910922809
830711752278913547078744397151877623131160477732
0
0
0
0
0
0
0
1102992298085630462979292780335965079716421218143
1075924090032431134308237622314332968807365535319
0
115925427485699066196669057108476222978861588294
0
0
947227986362702407942641706404801524636117737828
0
0
896560041397612098344889728276742758970543367130
0
0
723507226751086387203689833590569797701673883271
0
0
703738364511838035229449676992214313813360282743
0
0
0
0
1133829891871793883646021461583311870146615658741
144130238105086538807658161600197892320276157406
0
0
448494029152162012409937087231082249207113686307
0
342449793300895905837542009557653247665600986672
171301879510921853723059430592437575097304912070
0
0
0
1325174124248657927977389241599545044168706822252
1417407695534793734420377077692008571527958437086
1453205693472374393599471283309072960786817643660
0
0
0
0
1201334580567482058807392314784090054698351705983
1370326208544412874819802074068632827380944829884
933560261572566496845627477484416097197631394403
0
1179040221322668116562451738508639213787745812919
943363092223259709222830194373495346124185488014
1302008762641716512416420527234460659592473761176
736101622931354399818231992514825936757613392817
768531634332857340838897598356441527553425663729
0
0
0
9667627142387328012866238199181316585903356945
1445890588497248223876506659772671656836388842580
882341893911730014743448789923527834940079732850
0
0
403910689837280039758181538295155408356433479934
1169767123667495380607752082156822709757133331123
0
218208687253969499465254110569448970334360170006
0
0
0
103383516478231703184045063257043743716788069274
900859271997000680492585811533947799445920902181
0
0
0
0
0
0
0
0
415098364557426783178694694414245158744974929470
0
0
0
0
0
0
559206761470242134674795766539371894104299132679
38624797109823924246017634285552456440636447201
0
0
976931364214592527155053919637158829670918295363
668827641516362333567743086708523768452220959375
714590381616932776565255082212086354039681069547
0
150356684423714338045822450988325053517113415646
251214878184494682019604821519599879826294515079
0
0
262364296879951262618455550449367543480917492635
0
791050203848943259995772650122082867669065205179
1076973021454565391553112572107025753452268255596
0
0
0
848743116200990341909211007243836491207338790497
382510658397660969901659633473123170496166699742
0
1453996868479571529218508504298322432884064889809
736839758397600627951355437370917439148020464770
0
729154425016919036927822801693448739298414824670
0
0
0
336683757516182315728847388175516549642527833917
489050286520086235781742345368802458861500121146
651522883929075534695568233077133948766336326665
415433116681219272413000222271305141080354333261
1165494569735956450529310088147276639632840340204
0
44268196499489051394543257774141383282073794417
0
0
0
0
0
813371898703919278616192436390341222512566390715
1459476615486166506530212927493730479164492971910
0
603923201582126412657237584205570553208788366956
0
736694932672292986476191232033284338654131937673
0
450454475598041470642937770095464076011569474533
0
0
808438976045564305075656601908948276337555743593
0
1242653508163859806867827907155416623442782618337
1189217842672247771577779033346809692754239607783
0
0
0
55727858609309499660830371978898524003323664738
353107100736037279518149161064883448581310323999
388655366453970962096204869996667359052371390587
0
0
223931470072163964715439911200121479134062235334
152431273844441128256435799357059396613947674453
1158441771603077052412240568750502302400915677799
0
0
0
584441998287404577464141629334749668170746501711
294259088028975246024937331522791987834428233360
0
278168678259067542941707064543872131515306056510
1335026949604458843434430777049319230690719047654
1240873984729487547055055110353517334341231014153
232686632882731029465802834134416443298742463966
0
1251473214450648614079680121189497913564677505928
418748697224666070403169056676914426724541197346
1147673925809103573145191181748490184208168358183
715341642754610740261145776928484011943250165029
979888608952608465507526092234333970183412244396
863877204101020067818857951698427294909552411366
552049598608095919302529123588070204635698413130
966265078420259035059446964385016732517314650620
268187859074776033890949109020344290559145003236
115635857943620747851446855710096045246576333871
0
0
0
866147430569481795667476946898991957654783953963
0
454796419696064632849999876936039626481742860948
1341504861498472274543305156151483877168819285105
761312587104170100470029311197506040525128303722
1271622527244267443796859593556165523867423313751
0
0
0
0
328445268285180108802298244763781382597989389535
0
241509450000753953199813524810855219238659200457
0
33158214592072908406000936666489779916140970964
0
628782336048870396117829833998534920951922629756
153109869302588062635655130055925271615374353567
348204430531948316457972889158915902320945744401
1094139753067469597976756027360639778029125903183
1095339544625479904087486461811579754142477603550
0
0
1090562322615968237228149726225255327782888209436
527665537841823609771398282055606979051348609932
0
0
578450088989060957903543906443424096274719498382
1149996457746181701345339555268856288594201725816
667837335848703401614296335510847643103578151759
0
0
1110768332268578851598331296083058872463961138928
0
551258169038173937843768138620850322654229976203
1214309904416386890015834929599947680506644408096
0
177514419653779988189372116381779604278120202060
0
398611590263967189174344514661090035627821852315
1322900577349416163801098434284677388189097222617
577354057605489100154786873232200463371040042577
1148004926506981651034822918519977908587689703745
1288159137462006924067676377954748673082604875814
1405686291771834525862741043360963394093629427157
0
815517466210810538879712797331629319498171020247
1191604376338888210934547339060864944919234785152
190057882839215454749919109596468397717172621536
656544207654546226087507939061150166014426088198
0
1243543394966886141788685622240482343081340324957
0
1438184568783677005813494007505838820635961628307
0
1242770692920192839799047370328503709624961374704
0
1262302356411409290867190291497352574591679746935
0
523212492573909959320122723822957870581736823229
836447291212509903931224131251377176975380000731
0
1231231034765395893897260636735514122806660073573
0
55205173850887792354289746018965350273651679356
716050426966381542766285206308316121183632279689
514020250945034736061366288868684190351264577276
0
0
0
500079440511315671712656110166036603708764684971
1449906659309689946583049550125308308004809276826
0
0
0
678244423970172484004057733283712534581891918417
0
0
175444965849091504567399148391375151932322295142
0
0
0
1227838467999447090641629496587345162143202482774
66044057154681898626181202987644337353167572957
0
0
1338059598470641807173176170152229316577371440692
981789240837341696626911017483963750096731655503
1390964300012860191097504510574027557182173964447
1396926501903787808007039597328912760217155017635
0
886711038465586583414560008322284693869752268578
0
0
636852253577115242054044816515647328553899435150
0
1205921292965354085706587091815942218840722308113
0
0
0
0
699418457151244547860576854819778866152560669188
56525377573277057057089382109729858169289658935
0
0
864866463456669172066896608476283545910604403204
1434917562580660334432929599172332142424011564460
116682549856350353432282544805546710420333305753
0
112719840474998726846370971127985674383536492590
0
0
0
1219204539471332743062791329797062814349523426060
550258581813904444463848662029148383734591770589
0
0
1270266589226556012400045297369007018051866228976
0
0
1010683135867185903129945852534611864416491709349
399551551671887068991773216418395362946565411388
92663326692819761885426864401412892818191409030
0
0
0
1184760774914907527184547508746489218989833192410
0
0
525348434469203566424862270780281925725297352587
0
0
0
0
506560600038061607143615901392881035557594024071
1237531173725501479175225848140134249790618295520
0
1047720151150801902311834381282684045702206033577
833913564170331821322723855208569513753026652431
0
646546534875138860064171591144328122574499890806
0
0
717055569000679585289205065526971850070400917826
0
1274638700346201312746838520344297177895480908038
0
1304422061781012911774215214710995203120867742300
109686581414732181926625467558215729274749533778
642657022174816273874276895698274143833305863438
0
0
507478821778913891122612757016354358794220707228
0
0
0
1323720893735017913197922723236009161625508211636
0
0
0
848855446105136953182697702736063370060445623067
375371179440933864696144129341044275454187095807
0
0
1126791737968949782860585960574793428845482979101
0
1246063444008621767617525063505281912635085298092
576283239369853409282332628169934236107336224493
263879765001178528861831397188477118792405603504
0