Vox file for Triad
14x14x14 slab size 
---------------------
 x    y    z    c    
---------------------
 2    6    3    1 
 2    6    9    1 
 2    10   4    1 
 2    10   9    1 
 3    3    4    1 
 3    3    6    1 
 3    3    7    1 
 3    3    8    1 
 3    3    9    1 
 3    3    10   1 
 3    3    11   1 
 3    7    9    1 
 3    9    4    1 
 3    9    9    1 
 4    6    3    1 
 4    8    4    1 
 4    9    4    1 
 4    10   4    1 
 4    11   3    1 
 4    12   3    1 
 4    12   5    1 
 4    12   7    1 
 4    12   8    1 
 4    12   12   1 
 5    6    9    1 
 5    7    9    1 
 5    8    4    1 
 5    8    9    1 
 5    9    4    1 
 5    9    9    1 
 5    10   4    1 
 5    10   9    1 
 6    6    3    1 
 6    10   4    1 
 7    3    9    1 
 7    3    10   1 
 7    4    9    1 
 7    6    9    1 
 7    7    9    1 
 7    8    9    1 
 7    9    9    1 
 7    10   9    1 
 8    6    3    1 
 8    10   4    1 
 9    4    9    1 
 9    6    3    1 
 9    6    9    1 
 9    7    9    1 
 9    8    4    1 
 9    8    9    1 
 9    9    4    1 
 9    9    9    1 
 9    10   4    1 
 9    10   9    1 
 11   4    9    1 
 11   6    9    1 
 11   7    9    1 
 11   8    4    1 
 11   8    9    1 
 11   9    4    1 
 11   9    9    1 
 11   10   4    1 
 11   10   9    1 
 12   5    2    1 
 13   2    4    1 
 13   7    9    1 
 13   8    4    1 
 13   8    9    1 
 13   9    4    1 
 13   9    9    1 
 13   10   4    1 
 13   10   9    1 
 13   11   3    1 
 13   11   9    1 
 13   12   3    1 
 13   12   5    1 
 13   12   6    1 
 13   12   7    1 
 13   12   8    1 
 13   12   9    1 
 13   12   10   1 
 13   12   11   1 
 13   12   12   1 
 3    12   5    2 
 3    12   12   2 
 4    3    6    2 
 4    3    9    2 
 4    3    10   2 
 4    3    11   2 
 5    11   3    2 
 5    12   3    2 
 5    13   3    2 
 6    3    8    2 
 6    3    9    2 
 6    3    10   2 
 6    3    11   2 
 6    4    9    2 
 6    5    9    2 
 6    7    9    2 
 6    8    9    2 
 6    9    9    2 
 6    11   9    2 
 6    12   5    2 
 6    12   8    2 
 6    12   9    2 
 6    12   10   2 
 6    12   11   2 
 7    11   3    2 
 7    12   3    2 
 7    12   5    2 
 7    12   6    2 
 7    12   7    2 
 7    12   8    2 
 7    12   11   2 
 7    13   3    2 
 8    3    8    2 
 8    3    9    2 
 8    3    10   2 
 8    3    11   2 
 8    5    9    2 
 8    7    9    2 
 8    8    9    2 
 8    9    9    2 
 8    11   9    2 
 8    12   5    2 
 8    12   8    2 
 8    12   9    2 
 8    12   10   2 
 8    12   11   2 
 9    3    11   2 
 9    12   5    2 
 9    12   11   2 
 9    12   12   2 
 10   2    4    2 
 10   3    4    2 
 10   3    6    2 
 10   3    7    2 
 10   3    8    2 
 10   3    9    2 
 10   3    10   2 
 10   5    9    2 
 10   7    9    2 
 10   8    4    2 
 10   8    9    2 
 10   9    4    2 
 10   9    9    2 
 10   11   3    2 
 10   11   9    2 
 10   12   3    2 
 10   12   5    2 
 10   12   6    2 
 10   12   7    2 
 10   12   8    2 
 10   12   9    2 
 10   12   10   2 
 10   13   3    2 
 11   3    6    2 
 11   3    10   2 
 11   11   3    2 
 11   12   3    2 
 11   12   6    2 
 11   12   10   2 
 11   13   3    2 
 12   2    4    2 
 12   4    9    2 
 12   7    9    2 
 12   8    4    2 
 12   8    9    2 
 12   9    4    2 
 12   9    9    2 
 12   10   4    2 
 12   10   9    2 
 12   11   3    2 
 12   11   9    2 
 12   12   3    2 
 12   12   5    2 
 12   12   6    2 
 12   12   7    2 
 12   12   8    2 
 12   12   9    2 
 12   12   10   2 
 12   12   11   2 
 12   12   12   2 
 12   13   3    2 
 3    3    5    3 
 3    3    12   3 
 3    3    13   3 
 3    7    5    3 
 3    7    12   3 
 3    7    13   3 
 3    9    5    3 
 3    9    12   3 
 3    9    13   3 
 4    4    2    3 
 4    4    6    3 
 4    4    10   3 
 4    4    11   3 
 4    5    6    3 
 4    5    10   3 
 4    5    11   3 
 4    6    2    3 
 4    6    6    3 
 4    6    10   3 
 4    6    11   3 
 4    7    2    3 
 4    7    6    3 
 4    7    10   3 
 4    7    11   3 
 4    8    2    3 
 4    8    6    3 
 4    8    10   3 
 4    8    11   3 
 4    9    2    3 
 4    9    6    3 
 4    9    10   3 
 4    9    11   3 
 4    10   2    3 
 4    10   6    3 
 4    10   10   3 
 4    10   11   3 
 4    11   2    3 
 4    11   6    3 
 4    11   10   3 
 4    11   11   3 
 4    12   2    3 
 5    7    3    3 
 5    8    3    3 
 5    9    3    3 
 5    10   3    3 
 6    6    5    3 
 6    6    8    3 
 6    6    10   3 
 6    6    11   3 
 6    10   5    3 
 6    10   8    3 
 6    10   10   3 
 6    10   11   3 
 7    2    3    3 
 7    2    5    3 
 7    2    6    3 
 7    2    7    3 
 7    2    8    3 
 7    2    11   3 
 7    3    3    3 
 7    3    5    3 
 7    4    3    3 
 7    4    4    3 
 7    4    5    3 
 7    4    6    3 
 7    4    7    3 
 7    4    8    3 
 7    4    11   3 
 7    6    4    3 
 7    6    5    3 
 7    6    6    3 
 7    6    7    3 
 7    6    8    3 
 7    6    11   3 
 7    7    3    3 
 7    7    4    3 
 7    7    5    3 
 7    7    6    3 
 7    7    7    3 
 7    7    8    3 
 7    7    11   3 
 7    8    3    3 
 7    8    5    3 
 7    8    6    3 
 7    8    7    3 
 7    8    8    3 
 7    8    11   3 
 7    9    3    3 
 7    9    5    3 
 7    9    6    3 
 7    9    7    3 
 7    9    8    3 
 7    9    11   3 
 7    10   3    3 
 7    10   5    3 
 7    10   6    3 
 7    10   7    3 
 7    10   8    3 
 7    10   11   3 
 8    4    5    3 
 8    4    8    3 
 8    4    10   3 
 8    4    11   3 
 8    4    13   3 
 8    6    5    3 
 8    6    8    3 
 8    6    10   3 
 8    6    11   3 
 8    6    13   3 
 8    10   5    3 
 8    10   8    3 
 8    10   10   3 
 8    10   11   3 
 8    10   13   3 
 9    4    5    3 
 9    4    11   3 
 9    4    12   3 
 9    6    5    3 
 9    6    11   3 
 9    6    12   3 
 9    7    5    3 
 9    7    11   3 
 9    7    12   3 
 9    8    5    3 
 9    8    11   3 
 9    8    12   3 
 9    9    5    3 
 9    9    11   3 
 9    9    12   3 
 9    10   5    3 
 9    10   11   3 
 9    10   12   3 
 10   4    3    3 
 10   4    4    3 
 10   4    5    3 
 10   4    6    3 
 10   4    7    3 
 10   4    8    3 
 10   4    10   3 
 10   6    4    3 
 10   6    5    3 
 10   6    6    3 
 10   6    7    3 
 10   6    8    3 
 10   6    10   3 
 10   10   3    3 
 10   10   5    3 
 10   10   6    3 
 10   10   7    3 
 10   10   8    3 
 10   10   10   3 
 11   4    3    3 
 11   4    6    3 
 11   4    10   3 
 11   4    13   3 
 11   6    6    3 
 11   6    10   3 
 11   6    13   3 
 11   7    3    3 
 11   7    6    3 
 11   7    10   3 
 11   7    13   3 
 11   8    3    3 
 11   8    6    3 
 11   8    10   3 
 11   8    13   3 
 11   9    3    3 
 11   9    6    3 
 11   9    10   3 
 11   9    13   3 
 11   10   3    3 
 11   10   6    3 
 11   10   10   3 
 11   10   13   3 
 12   3    3    3 
 12   3    5    3 
 12   3    12   3 
 12   3    13   3 
 12   5    3    3 
 12   5    4    3 
 12   5    5    3 
 12   5    6    3 
 12   5    7    3 
 12   5    8    3 
 12   5    10   3 
 12   5    11   3 
 12   5    12   3 
 12   5    13   3 
 12   6    4    3 
 12   6    5    3 
 12   6    6    3 
 12   6    7    3 
 12   6    8    3 
 12   6    10   3 
 12   6    11   3 
 12   6    12   3 
 12   6    13   3 
---------------------
 c    R    G    B    
---------------------
 1    0    0    255 
 2    255  0    0   
 3    0    255  0   