Vox file for Growth
14x14x14 slab size 
---------------------
 x    y    z    c    
---------------------
 2    6    6    1 
 2    6    7    1 
 2    6    8    1 
 2    10   3    1 
 2    10   7    1 
 2    10   11   1 
 3    3    7    1 
 3    7    6    1 
 3    7    7    1 
 3    7    8    1 
 3    9    4    1 
 3    9    7    1 
 3    9    10   1 
 4    5    2    1 
 4    5    3    1 
 4    5    4    1 
 4    9    4    1 
 4    10   3    1 
 4    11   2    1 
 5    6    6    1 
 5    6    8    1 
 5    7    6    1 
 5    7    8    1 
 5    9    4    1 
 5    9    10   1 
 5    10   3    1 
 5    10   11   1 
 6    6    6    1 
 6    6    8    1 
 6    10   3    1 
 6    10   11   1 
 7    6    6    1 
 7    6    8    1 
 7    7    6    1 
 7    7    8    1 
 7    9    4    1 
 7    9    10   1 
 7    10   11   1 
 8    6    6    1 
 8    6    8    1 
 8    10   3    1 
 8    10   11   1 
 9    6    6    1 
 9    6    8    1 
 9    7    6    1 
 9    7    8    1 
 9    9    4    1 
 9    9    10   1 
 9    10   3    1 
 9    10   11   1 
 10   6    6    1 
 10   6    8    1 
 10   10   3    1 
 10   10   11   1 
 11   9    4    1 
 11   10   3    1 
 12   3    7    1 
 12   5    2    1 
 12   5    3    1 
 12   5    4    1 
 12   5    5    1 
 12   5    6    1 
 12   5    7    1 
 12   5    8    1 
 12   5    9    1 
 12   5    10   1 
 12   5    11   1 
 12   5    12   1 
 12   6    6    1 
 12   6    7    1 
 12   6    8    1 
 13   2    7    1 
 13   7    6    1 
 13   7    7    1 
 13   7    8    1 
 13   8    5    1 
 13   8    7    1 
 13   8    9    1 
 13   9    4    1 
 13   9    7    1 
 13   9    10   1 
 13   10   3    1 
 13   10   7    1 
 13   10   11   1 
 13   11   2    1 
 13   11   7    1 
 13   11   12   1 
 13   12   7    1 
 4    2    7    2 
 4    3    7    2 
 4    13   7    2 
 5    2    7    2 
 5    3    7    2 
 5    4    7    2 
 5    5    5    2 
 5    5    7    2 
 5    5    9    2 
 5    5    12   2 
 5    11   7    2 
 5    11   12   2 
 5    12   7    2 
 5    13   7    2 
 6    2    7    2 
 6    3    7    2 
 6    4    7    2 
 6    5    4    2 
 6    5    5    2 
 6    5    7    2 
 6    5    9    2 
 6    5    12   2 
 6    7    7    2 
 6    8    5    2 
 6    8    7    2 
 6    8    9    2 
 6    9    4    2 
 6    9    7    2 
 6    11   7    2 
 6    11   12   2 
 6    12   7    2 
 6    13   7    2 
 7    5    3    2 
 7    5    5    2 
 7    5    7    2 
 7    5    9    2 
 7    5    12   2 
 7    11   7    2 
 7    11   12   2 
 7    12   7    2 
 7    13   7    2 
 8    2    7    2 
 8    3    7    2 
 8    5    2    2 
 8    5    5    2 
 8    5    7    2 
 8    5    9    2 
 8    5    12   2 
 8    7    7    2 
 8    8    5    2 
 8    8    7    2 
 8    8    9    2 
 8    9    7    2 
 8    11   2    2 
 8    11   7    2 
 8    11   12   2 
 8    12   7    2 
 8    13   7    2 
 9    2    7    2 
 9    3    7    2 
 9    5    5    2 
 9    5    7    2 
 9    5    9    2 
 9    5    12   2 
 9    11   7    2 
 9    11   12   2 
 9    12   7    2 
 9    13   7    2 
 10   2    7    2 
 10   3    7    2 
 10   5    5    2 
 10   5    7    2 
 10   5    9    2 
 10   5    12   2 
 10   7    7    2 
 10   8    5    2 
 10   8    7    2 
 10   8    9    2 
 10   9    7    2 
 10   11   7    2 
 10   11   12   2 
 10   12   7    2 
 10   13   7    2 
 11   2    7    2 
 11   3    7    2 
 11   5    5    2 
 11   5    6    2 
 11   5    7    2 
 11   5    8    2 
 11   5    9    2 
 11   5    10   2 
 11   5    11   2 
 11   5    12   2 
 11   11   7    2 
 11   11   12   2 
 11   12   7    2 
 11   13   7    2 
 4    4    5    3 
 4    4    6    3 
 4    4    8    3 
 4    4    9    3 
 4    4    10   3 
 4    4    11   3 
 4    4    12   3 
 4    4    13   3 
 4    5    13   3 
 4    6    5    3 
 4    6    9    3 
 4    6    10   3 
 4    6    11   3 
 4    6    12   3 
 4    6    13   3 
 4    7    5    3 
 4    7    9    3 
 4    7    10   3 
 4    7    11   3 
 4    7    12   3 
 4    7    13   3 
 4    8    6    3 
 4    8    8    3 
 4    8    10   3 
 4    8    11   3 
 4    8    12   3 
 4    8    13   3 
 4    9    5    3 
 4    9    6    3 
 4    9    8    3 
 4    9    9    3 
 4    9    11   3 
 4    9    12   3 
 4    9    13   3 
 4    10   5    3 
 4    10   6    3 
 4    10   8    3 
 4    10   9    3 
 4    10   10   3 
 4    10   12   3 
 4    10   13   3 
 4    11   5    3 
 4    11   6    3 
 4    11   8    3 
 4    11   9    3 
 4    11   10   3 
 4    11   11   3 
 4    11   13   3 
 4    12   5    3 
 4    12   6    3 
 4    12   8    3 
 4    12   9    3 
 4    12   10   3 
 4    12   11   3 
 4    12   12   3 
 4    12   13   3 
 5    6    5    3 
 5    6    9    3 
 5    6    12   3 
 5    7    5    3 
 5    7    9    3 
 5    7    12   3 
 5    8    12   3 
 5    9    5    3 
 5    9    9    3 
 5    9    12   3 
 5    10   5    3 
 5    10   9    3 
 5    10   12   3 
 6    6    4    3 
 6    6    5    3 
 6    6    9    3 
 6    6    12   3 
 6    10   4    3 
 6    10   5    3 
 6    10   9    3 
 6    10   12   3 
 7    2    3    3 
 7    2    5    3 
 7    2    9    3 
 7    2    12   3 
 7    3    3    3 
 7    3    5    3 
 7    3    9    3 
 7    3    12   3 
 7    4    3    3 
 7    4    5    3 
 7    4    9    3 
 7    4    12   3 
 7    6    3    3 
 7    6    5    3 
 7    6    9    3 
 7    6    12   3 
 7    7    3    3 
 7    7    5    3 
 7    7    9    3 
 7    7    12   3 
 7    8    3    3 
 7    8    12   3 
 7    9    3    3 
 7    9    5    3 
 7    9    9    3 
 7    9    12   3 
 7    10   5    3 
 7    10   9    3 
 7    10   12   3 
 8    4    2    3 
 8    4    5    3 
 8    4    9    3 
 8    4    12   3 
 8    6    2    3 
 8    6    5    3 
 8    6    9    3 
 8    6    12   3 
 8    10   2    3 
 8    10   5    3 
 8    10   9    3 
 8    10   12   3 
 9    4    5    3 
 9    4    9    3 
 9    4    12   3 
 9    6    5    3 
 9    6    9    3 
 9    6    12   3 
 9    7    5    3 
 9    7    9    3 
 9    7    12   3 
 9    8    12   3 
 9    9    5    3 
 9    9    9    3 
 9    9    12   3 
 9    10   5    3 
 9    10   9    3 
 9    10   12   3 
 10   4    5    3 
 10   4    9    3 
 10   4    12   3 
 10   6    5    3 
 10   6    9    3 
 10   6    12   3 
 10   10   5    3 
 10   10   9    3 
 10   10   12   3 
 11   4    5    3 
 11   4    6    3 
 11   4    8    3 
 11   4    9    3 
 11   4    10   3 
 11   4    11   3 
 11   4    12   3 
 11   4    13   3 
 11   6    5    3 
 11   6    9    3 
 11   6    10   3 
 11   6    11   3 
 11   6    12   3 
 11   6    13   3 
 11   7    5    3 
 11   7    9    3 
 11   7    10   3 
 11   7    11   3 
 11   7    12   3 
 11   7    13   3 
 11   8    6    3 
 11   8    8    3 
 11   8    10   3 
 11   8    11   3 
 11   8    12   3 
 11   8    13   3 
 11   9    5    3 
 11   9    6    3 
 11   9    8    3 
 11   9    9    3 
 11   9    11   3 
 11   9    12   3 
 11   9    13   3 
 11   10   5    3 
 11   10   6    3 
 11   10   8    3 
 11   10   9    3 
 11   10   10   3 
 11   10   12   3 
 11   10   13   3 
---------------------
 c    R    G    B    
---------------------
 1    0    0    255 
 2    255  0    0   
 3    0    255  0   